  0.512379  0.020508  0.858515  2.28    432   21 CAPH;CAS BETA
  0.450342  0.065296  0.890465  4.17   2905  130 CAS KAPPA
  0.581589  0.094643  0.807958  3.69   3360  153 CAS ZETA
  0.542802  0.096948  0.834246  2.24   3712  168 SCHEDAR;CAS ALPHA
  0.474230  0.119797  0.872212  2.15   5394  264 CAS GAMMA
  0.544153  0.174444  0.820650  4.34   6961  343 CAS THETA
  0.462045  0.181562  0.868072  2.66   8538  403 RUCHBAH;CAS DELTA
  0.010128  0.007897  0.999918  1.97   8890  424 POLARIS;UMI ALPHA
  0.389424  0.212309  0.896255  3.35  11415  542 CAS EPSILON
  0.305802  0.232677  0.923226  4.46  15089  707 CAS IOTA
 -0.059932  0.921888  0.382794  3.31  42995 2216 GEM ETA
 -0.092391  0.919155  0.382907  2.87  44478 2286 GEM MU
 -0.157142  0.946359  0.282332  1.93  47105 2421 ALHENA;GEM GAMMA
 -0.172484  0.888755  0.424692  3.06  48329 2473 MEBSUTA;GEM EPSILON
 -0.191381  0.955805  0.223183  3.35  48737 2484 GEM XI
 -0.189359  0.807510  0.558634  3.60  50019 2540 GEM THETA
 -0.258491  0.899851  0.351356  4.01  52973 2650 GEM ZETA
 -0.263867  0.822592  0.503703  4.41  54719 2697 GEM TAU
 -0.320362  0.903503  0.284693  3.58  56537 2763 GEM LAMBDA
 -0.317623  0.871206  0.374321  3.50  56986 2777 WASAT;GEM DELTA
 -0.323228  0.823427  0.466360  3.78  58207 2821 GEM IOTA
 -0.322244  0.786591  0.526720  4.16  58946 2852 GEM RHO
 -0.340606  0.777765  0.528270  2.88  60178 2890 CASTOR;GEM ALPHA
 -0.362465  0.814849  0.452372  4.06  60522 2905 GEM UPSILON
 -0.400822  0.817747  0.413075  3.57  62345 2985 GEM KAPPA
 -0.391537  0.791148  0.469877  1.16  62509 2990 POLLUX;GEM BETA
 -0.298198  0.387683  0.872227  3.35  71369 3323 MUSCIDA;UMA OMICRON
 -0.631779  0.768751  0.099386  4.14  73262 3410 HYA DELTA
 -0.637539  0.768210  0.058287  4.45  73471 3418 HYA SIGMA
 -0.652353  0.755593  0.059283  4.30  74280 3454 HYA ETA
 -0.660987  0.742022  0.111797  3.38  74874 3482 HYA EPSILON
 -0.689030  0.717293  0.103583  3.11  76294 3547 HYA ZETA
 -0.471134  0.474377  0.743639  3.12  76644 3569 TALITHA;UMA IOTA
 -0.488377  0.473163  0.733216  3.57  77327 3594 UMA KAPPA
 -0.749393  0.660893  0.040394  3.89  79469 3665 HYA THETA
 -0.777933  0.610046 -0.150548  1.99  81797 3748 ALPHARD;HYA ALPHA
 -0.818627  0.573979 -0.019942  3.90  83618 3845 HYA IOTA
 -0.435081  0.274529  0.857519  3.78  84999 3888 UMA UPSILON
 -0.497844  0.310767  0.809676  4.55  85235 3894 UMA PHI
 -0.818568  0.514094 -0.256231  4.11  85444 3903 HYA UPSIL1
 -0.854288  0.468073 -0.226051  4.60  87504 3970 HYA UPSIL2
 -0.867630  0.448825 -0.213948  3.61  88284 3994 HYA LAMBDA
 -0.659782  0.317891  0.680906  3.45  89021 4033 TANIA BOREALIS;UMA LAMBDA
 -0.681973  0.309608  0.662613  3.06  89758 4069 TANIA AUSTRALIS;UMA MU
 -0.877905  0.381306 -0.289635  3.83  90432 4094 HYA MU
 -0.915400  0.290277 -0.278893  3.11  93813 4232 HYA NU
 -0.535916  0.138997  0.832751  2.34  95418 4295 MERAK;UMA BETA
 -0.535916  0.138997  0.832751  2.34  95418 4295 MERAK;UMA BETA
 -0.459109  0.115042  0.880900  1.81  95689 4301 DUBHE;UMA ALPHA
 -0.459109  0.115042  0.880900  1.81  95689 4301 DUBHE;UMA ALPHA
 -0.696134  0.155399  0.700891  3.00  96833 4335 UMA PSI
 -0.824062  0.150949  0.546018  3.49  98262 4377 ALULA BOREALIS;UMA NU
 -0.843478  0.099816 -0.527809  3.54 100407 4450 HYA XI
 -0.670744  0.040871  0.740562  3.69 102224 4518 UMA CHI
 -0.829536  0.025673 -0.557863  4.29 103192 4552 HYA BETA
 -0.591873  0.015941  0.805874  2.41 103287 4554 PHECDA;UMA GAMMA
 -0.591873  0.015941  0.805874  2.41 103287 4554 PHECDA;UMA GAMMA
 -0.542930 -0.036595  0.838980  3.32 106591 4660 MEGREZ;UMA DELTA
 -0.542930 -0.036595  0.838980  3.32 106591 4660 MEGREZ;UMA DELTA
 -0.544292 -0.130741  0.828645  1.76 112185 4905 ALIOTH;UMA EPSILON
 -0.544292 -0.130741  0.828645  1.76 112185 4905 ALIOTH;UMA EPSILON
 -0.865360 -0.310359 -0.393483  2.99 115659 5020 HYA GAMMA
 -0.536543 -0.205755  0.818405  2.23 116656 5054 MIZAR;UMA ZETA
 -0.536543 -0.205755  0.818405  2.23 116656 5054 MIZAR;UMA ZETA
 -0.851350 -0.430362  0.299986  4.50 120136 5185 BOO TAU
 -0.581457 -0.294806  0.758286  1.85 120315 5191 ALKAID;UMA ETA;BENETNASCH
 -0.581457 -0.294806  0.758286  1.85 120315 5191 ALKAID;UMA ETA;BENETNASCH
 -0.854516 -0.442364  0.272243  4.05 120477 5200 BOO UPSILON
 -0.832538 -0.455260  0.315626  2.68 121370 5235 MUPHRID;BOO ETA
 -0.761087 -0.468092 -0.449039  3.25 123123 5287 HYA PI
 -0.516620 -0.340203  0.785726  6.62 124674 5328 BOO KAPPA
 -0.516566 -0.340233  0.785749  4.53 124675 5329 BOO KAPPA
 -0.783738 -0.527010  0.328657 -0.05 124897 5340 ARCTURUS;BOO ALPHA
 -0.574328 -0.388799  0.720405  4.18 125162 5351 BOO LAMBDA
 -0.497820 -0.365687  0.786415  4.04 126660 5404 BOO THETA
 -0.680262 -0.530672  0.505599  3.57 127665 5429 BOO RHO
 -0.618178 -0.483318  0.619887  3.04 127762 5435 SEGINUS;BOO GAMMA
 -0.677892 -0.542503  0.496138  4.47 128167 5447 BOO SIGMA
 -0.732851 -0.618902  0.282648  4.49 129174 5475 BOO PI
 -0.732838 -0.618922  0.282639  5.88 129175 5476 BOO PI
 -0.669484 -0.587057  0.455143  2.35 129988 5505 BOO EPSILON;PULCHERRIMA
 -0.200728 -0.185075  0.962006  2.07 131873 5563 KOCHAB;UMI BETA
 -0.533970 -0.543118  0.647995  3.49 133208 5602 NEKKAR;BOO BETA
 -0.549614 -0.629489  0.549243  3.46 135722 5681 BOO DELTA
 -0.498767 -0.618639  0.607057  4.31 137391 5733 ALKALUROPS;BOO MU
 -0.498901 -0.618937  0.606642  6.51 137392 5734 BOO MU
 -0.199642 -0.239467  0.950157  3.00 137422 5735 PHERKAD;UMI GAMMA
 -0.118180 -0.175304  0.977396  4.29 142105 5903 UMI ZETA
 -0.106414 -0.221875  0.969251  4.95 148048 6116 UMI ETA
 -0.043974 -0.131365  0.990358  4.21 153751 6322 UMI EPSILON
 -0.007201 -0.059107  0.998226  4.35 166205 6789 UMI DELTA
  0.196967 -0.563223  0.802486  3.80 181276 7328 CYG KAPPA
  0.227573 -0.567300  0.791442  5.73 183534 7408 CYG IOTA
  0.340583 -0.814974  0.468850  3.05 183912 7417 ALBIREO;CYG BETA
  0.236290 -0.572532  0.785095  3.76 184006 7420 CYG IOTA
  0.311959 -0.632772  0.708718  2.86 186882 7528 CYG DELTA
  0.389463 -0.743676  0.543383 10.50 187796 7564 CYG CHI
  0.397684 -0.715183  0.574770  3.89 188947 7615 CYG ETA
  0.443786 -0.620856  0.646213  2.23 194093 7796 SADR;CYG GAMMA
  0.455649 -0.536182  0.710558  1.25 197345 7924 DENEB;CYG ALPHA
  0.550096 -0.620639  0.558751  2.48 197989 7949 CYG EPSILON
  0.525699 -0.538829  0.658259  3.94 199629 8028 CYG NU
  0.520107 -0.498194  0.693752  3.72 200905 8079 CYG XI
  0.644461 -0.575525  0.503428  3.21 202109 8115 CYG ZETA
  0.591622 -0.519802  0.616271  3.74 202444 8130 CYG TAU
  0.586355 -0.503385  0.634659  4.22 202850 8143 CYG SIGMA
