  0.873265  0.031968  0.486196  2.07    358   15 ALPHERATZ
  0.512379  0.020508  0.858515  2.28    432   21 CAPH;CAS BETA
  0.963482  0.055705  0.261913  2.83    886   39 ALGENIB
  0.734714  0.084623 -0.673078  2.40   2261   99 ANKAA
  0.574817  0.080202  0.814342  4.74   2772  123 CAS LAMBDA
  0.450342  0.065296  0.890465  4.17   2905  130 CAS KAPPA
  0.581589  0.094643  0.807958  3.69   3360  153 CAS ZETA
  0.542802  0.096948  0.834246  2.24   3712  168 SCHEDAR;CAS ALPHA
  0.625228  0.116062  0.771764  4.80   3901  179 CAS XI
  0.669459  0.128518  0.731647  4.95   4058  184 CAS PI
  0.933979  0.179802 -0.308796  2.04   4128  188 DIPHDA;DENEB KAITOS
  0.652803  0.129036  0.746457  4.48   4180  193 CAS OMICRON
  0.520462  0.113206  0.846347  3.46   4614  219 CAS ETA
  0.615510  0.133171  0.776796  4.90   4636  223 CAS NU
  0.500672  0.122521  0.856923  4.83   5234  253 CAS UPSILON
  0.474230  0.119797  0.872212  2.15   5394  264 CAS GAMMA
  0.496744  0.125389  0.858792  4.62   5395  265 CAS UPSILON
  0.549391  0.168530  0.818393  5.17   6582  321 CAS MU
  0.775553  0.243527  0.582419  2.07   6860  337 MIRACH
  0.544153  0.174444  0.820650  4.34   6961  343 CAS THETA
  0.494671  0.180246  0.850183  4.95   7927  382 CAS PHI
  0.346624  0.136419  0.928031  4.72   8491  399 CAS PSI
  0.462045  0.181562  0.868072  2.66   8538  403 RUCHBAH;CAS DELTA
  0.010128  0.007897  0.999918  1.97   8890  424 POLARIS;UMI ALPHA
  0.469193  0.203846  0.859246  4.68   9408  442 CAS CHI
  0.492725  0.223802 -0.840913  0.45  10144  472 ACHERNAR
  0.869708  0.459807 -0.179402  3.74  11353  539 BATEN KAITOS
  0.389424  0.212309  0.896255  3.35  11415  542 CAS EPSILON
  0.317916  0.176224  0.931598  4.97  11529  548 CAS OMEGA
  0.820248  0.448325  0.355242  2.64  11636  553 SHERATAN
  0.633855  0.380477  0.673398  2.10  12533  603 ALMACH
  0.779683  0.483290  0.398153  2.01  12929  617 HAMAL
  0.305802  0.232677  0.923226  4.46  15089  707 CAS IOTA
  0.709405  0.687621 -0.154669  3.89  18322  874 AZHA
  0.543324  0.535145 -0.646853  2.88  18622  897 ACAMAR
  0.698256  0.712287  0.071322  2.54  18884  911 MENKAR
  0.514650  0.552710  0.655475  2.09  19356  936 ALGOL
  0.469833  0.559365 -0.682911  4.26  20794 1008 82 G ERIDANI
  0.404980  0.501550  0.764486  1.79  20902 1017 MIRFAK
  0.507503  0.758638  0.408545  3.72  23302 1142 ELECTRA
  0.498866  0.764415  0.408414  2.85  23630 1165 ALCYONE
  0.493455  0.768357  0.407590  3.62  23850 1178 ATLAS
  0.443248  0.724251  0.528196  2.84  24398 1203 ATIK
  0.408746  0.700642  0.584831  3.98  24912 1228 MENKIB
  0.493393  0.837855 -0.233585  2.97  25025 1231 ZAURAK
  0.451280  0.884404 -0.119059  4.04  26574 1298 BEID
  0.343905  0.894970  0.284179  0.87  29139 1457 ALDEBARAN
  0.299168  0.946472  0.121198  3.19  30652 1543 ORI PI3
  0.294568  0.943023  0.154715  4.35  30739 1544 ORI PI2
  0.294269  0.950719  0.097672  3.68  30836 1552 ORI PI4
  0.281220  0.927533  0.246166  4.71  30959 1556 ORI OMICRON1
  0.282706  0.958261  0.042585  3.71  31237 1567 ORI PI5
  0.275882  0.944895  0.176245  4.64  31295 1570 ORI PI1
  0.266488  0.935079  0.233693  4.06  31421 1580 ORI OMICRON2
  0.264814  0.963836  0.029911  4.47  31767 1601 ORI PI6
  0.224698  0.970387 -0.088655  2.78  33111 1666 CURSA
  0.202145  0.978083  0.049917  4.46  33856 1698 ORI RHO
  0.130501  0.682303  0.719328  0.08  34029 1708 CAPELLA
  0.195052  0.970363 -0.142657  0.18  34085 1713 RIGEL;ORI BETA
  0.182612  0.975936 -0.119173  3.59  34503 1735 ORI TAU
  0.154243  0.987147 -0.041826  3.35  35411 1788 ORI ETA
  0.153134  0.987680  0.032221  4.89  35439 1789 ORI PSI1
  0.150628  0.982385  0.110597  1.64  35468 1790 BELLATRIX;ORI GAMMA
  0.128659  0.868439  0.478812  1.65  35497 1791 ELNATH
  0.143985  0.988105  0.054003  4.59  35715 1811 ORI PSI2
  0.129146  0.926117 -0.354442  2.81  36079 1829 NIHAL
  0.121832  0.992538 -0.004964  6.85  36485 1851 ORI DELTA
  0.121839  0.992536 -0.005220  2.25  36486 1852 MINTAKA;ORI DELTA
  0.121178  0.984461 -0.127091  4.62  36512 1855 ORI UPSILON
  0.113010  0.945279 -0.306066  2.58  36673 1865 ARNEB
  0.108144  0.980369  0.164868  4.39  36822 1876 ORI PHI1
  0.106645  0.979216  0.172517  3.39  36861 1879 ORI LAMBDA
  0.107247  0.989789 -0.093888  4.98  37020 1893 ORI THETA
  0.107228  0.989795 -0.093852  7.96  37021 1894 ORI THETA
  0.107200  0.989791 -0.093929  5.13  37022 1895 ORI THETA
  0.107148  0.989800 -0.093894  6.71  37023 1896 ORI THETA
  0.106733  0.989798 -0.094387  4.98  37041 1897 ORI THETA
  0.106420  0.988976 -0.102964  2.75  37043 1899 ORI IOTA
  0.103579  0.994400 -0.020976  1.69  37128 1903 ALNILAM;ORI EPSILON
  0.099278  0.981874  0.161456  4.09  37160 1907 ORI PHI2
  0.092509  0.994678 -0.045364  3.77  37468 1931 ORI SIGMA
  0.090460  0.993303  0.071871  4.50  37490 1934 ORI OMEGA
  0.083809  0.995905 -0.033898  1.74  37742 1948 ORI ZETA
  0.073456  0.825051 -0.560264  2.65  37795 1956 PHACT
  0.052638  0.984386 -0.167967  2.07  38771 2004 SAIPH;ORI KAPPA
  0.031999  0.810746 -0.584523  3.12  39425 2040 WAZN
  0.022981  0.937750  0.346550  4.39  39587 2047 ORI CHI1
  0.020891  0.991435  0.128917  0.45  39801 2061 BETELGEUSE;ORI ALPHA
  0.001453  0.707754  0.706458  1.90  40183 2088 MENKALINAN
 -0.010251  0.985805  0.167584  4.12  40932 2124 ORI MU
 -0.016056  0.938726  0.344290  4.64  41117 2135 ORI CHI2
 -0.031942  0.966436  0.254915  4.42  41753 2159 ORI NU
 -0.050481  0.968092  0.245456  4.45  42560 2199 ORI XI
 -0.059932  0.921888  0.382794  3.31  42995 2216 GEM ETA
 -0.076609  0.862074 -0.500958  3.02  44402 2282 FURUD
 -0.092391  0.919155  0.382907  2.87  44478 2286 GEM MU
 -0.094069  0.946632 -0.308285  1.98  44743 2294 MIRZAM
 -0.063222  0.602741 -0.795428 -0.62  45348 2326 CANOPUS
 -0.118278  0.930936  0.345497  4.13  45542 2343 GEM NU
 -0.157142  0.946359  0.282332  1.93  47105 2421 ALHENA;GEM GAMMA
 -0.172484  0.888755  0.424692  3.06  48329 2473 MEBSUTA;GEM EPSILON
 -0.191381  0.955805  0.223183  3.35  48737 2484 GEM XI
 -0.187481  0.939228 -0.287580 -1.44  48915 2491 SIRIUS
 -0.189359  0.807510  0.558634  3.60  50019 2540 GEM THETA
 -0.221358  0.846388 -0.484383  1.50  52089 2618 ADHARA
 -0.245307  0.878400  0.410169  5.20  52497 2630 GEM OMEGA
 -0.258491  0.899851  0.351356  4.01  52973 2650 GEM ZETA
 -0.263867  0.822592  0.503703  4.41  54719 2697 GEM TAU
 -0.302268  0.911691  0.278305  5.07  55383 2717 BQ GEM
 -0.320362  0.903503  0.284693  3.58  56537 2763 GEM LAMBDA
 -0.317623  0.871206  0.374321  3.50  56986 2777 WASAT;GEM DELTA
 -0.323228  0.823427  0.466360  3.78  58207 2821 GEM IOTA
 -0.312850  0.813992 -0.489430  2.45  58350 2827 ALUDRA
 -0.367292  0.918864  0.144173  2.89  58715 2845 GOMEISA
 -0.322244  0.786591  0.526720  4.16  58946 2852 GEM RHO
 -0.340606  0.777765  0.528270  2.88  60178 2890 CASTOR;GEM ALPHA
 -0.340607  0.777768  0.528265  1.98  60179 2891 GEM ALPHA
 -0.362465  0.814849  0.452372  4.06  60522 2905 GEM UPSILON
 -0.345219  0.747414  0.567623  4.89  61110 2930 GEM OMICRON
 -0.418137  0.903803  0.091111  0.40  61421 2943 PROCYON
 -0.381471  0.788132  0.483039  4.23  62044 2973 GEM SIGMA
 -0.400822  0.817747  0.413075  3.57  62345 2985 GEM KAPPA
 -0.391537  0.791148  0.469877  1.16  62509 2990 POLLUX;GEM BETA
 -0.377339  0.744535  0.550711  5.14  62898 3013 GEM PI
 -0.424311  0.785588  0.450346  4.97  64145 3067 GEM PHI
 -0.454022  0.759229  0.466300  4.94  66216 3149 GEM CHI
 -0.295572  0.412416 -0.861714  1.86  71129 3307 AVIOR
 -0.298198  0.387683  0.872227  3.35  71369 3323 MUSCIDA;UMA OMICRON
 -0.270306  0.324444  0.906460  5.63  72905 3391 UMA PI
 -0.278780  0.331605  0.901288  4.59  73108 3403 UMA PI
 -0.631779  0.768751  0.099386  4.14  73262 3410 HYA DELTA
 -0.637539  0.768210  0.058287  4.45  73471 3418 HYA SIGMA
 -0.608352  0.704243  0.365991  4.66  74198 3449 ASELLUS BOREALIS
 -0.652353  0.755593  0.059283  4.30  74280 3454 HYA ETA
 -0.625540  0.715272  0.311586  3.94  74442 3461 ASELLUS AUSTRALIS
 -0.660987  0.742022  0.111797  3.38  74874 3482 HYA EPSILON
 -0.667056  0.738032  0.101714  4.35  75137 3492 HYA RHO
 -0.689030  0.717293  0.103583  3.11  76294 3547 HYA ZETA
 -0.471134  0.474377  0.743639  3.12  76644 3569 TALITHA;UMA IOTA
 -0.687433  0.696572  0.205483  4.26  76756 3572 ACUBENS
 -0.272092  0.266114  0.924743  4.74  76827 3576 UMA RHO
 -0.488377  0.473163  0.733216  3.57  77327 3594 UMA KAPPA
 -0.287708  0.267373  0.919639  5.15  77800 3609 UMA SIGMA
 -0.722431  0.685723  0.088761  4.99  77996 3613 HYA OMEGA
 -0.286935  0.262026  0.921418  4.80  78154 3616 UMA SIGMA
 -0.330014  0.299986  0.895042  4.67  78362 3624 UMA TAU
 -0.749393  0.660893  0.040394  3.89  79469 3665 HYA THETA
 -0.258826  0.230597 -0.937995  1.67  80007 3685 MIAPLACIDUS
 -0.387182  0.333351 -0.859632  2.21  80404 3699 ASPIDISKE
 -0.777933  0.610046 -0.150548  1.99  81797 3748 ALPHARD;HYA ALPHA
 -0.790159  0.610995 -0.048308  4.59  81997 3759 HYA TAU
 -0.496628  0.371281  0.784545  3.17  82328 3775 UMA THETA
 -0.798418  0.601749 -0.020675  4.54  82446 3787 HYA TAU
 -0.818627  0.573979 -0.019942  3.90  83618 3845 HYA IOTA
 -0.794399  0.554663 -0.247544  5.07  83754 3849 HYA KAPPA
 -0.435081  0.274529  0.857519  3.78  84999 3888 UMA UPSILON
 -0.497844  0.310767  0.809676  4.55  85235 3894 UMA PHI
 -0.818568  0.514094 -0.256231  4.11  85444 3903 HYA UPSIL1
 -0.763762  0.473709  0.438482  3.88  85503 3905 RASALAS
 -0.854288  0.468073 -0.226051  4.60  87504 3970 HYA UPSIL2
 -0.864507  0.457857  0.207352  1.36  87901 3982 REGULUS
 -0.867630  0.448825 -0.213948  3.61  88284 3994 HYA LAMBDA
 -0.659782  0.317891  0.680906  3.45  89021 4033 TANIA BOREALIS;UMA LAMBDA
 -0.825972  0.399780  0.397426  3.43  89025 4031 ADHAFERA
 -0.432166  0.208258 -0.877417  3.39  89388 4050 q CAR
 -0.907479  0.418193  0.039953  6.66  89688 4064 RS SEX
 -0.681973  0.309608  0.662613  3.06  89758 4069 TANIA AUSTRALIS;UMA MU
 -0.877905  0.381306 -0.289635  3.83  90432 4094 HYA MU
 -0.896269  0.342799 -0.281409  6.01  91880 4156 HYA PHI
 -0.897182  0.332842 -0.290312  4.91  92214 4171 HYA PHI
 -0.915400  0.290277 -0.278893  3.11  93813 4232 HYA NU
 -0.699044  0.207138  0.684420  4.66  94334 4248 UMA OMEGA
 -0.916842  0.246614 -0.313978  4.08  95272 4287 ALKES
 -0.535916  0.138997  0.832751  2.34  95418 4295 MERAK;UMA BETA
 -0.459109  0.115042  0.880900  1.81  95689 4301 DUBHE;UMA ALPHA
 -0.863508  0.209966 -0.458550  4.92  96202 4314 HYA CHI
 -0.864123  0.207620 -0.458460  5.69  96314 4317 HYA CHI
 -0.696134  0.155399  0.700891  3.00  96833 4335 UMA PSI
 -0.917811  0.186285  0.350600  2.56  97603 4357 ZOSMA
 -0.944807  0.191190  0.266057  3.33  97633 4359 CHERTAN
 -0.838213  0.154645  0.522957  3.79  98230 4374 UMA XI
 -0.838225  0.154662  0.522933  4.41  98231 4375 UMA XI
 -0.824062  0.150949  0.546018  3.49  98262 4377 ALULA BOREALIS;UMA NU
 -0.350223  0.043925  0.935636  3.82 100029 4434 GIAUSAR
 -0.843478  0.099816 -0.527809  3.54 100407 4450 HYA XI
 -0.818640  0.070853 -0.569920  4.70 101431 4494 HYA OMICRON
 -0.670744  0.040871  0.740562  3.69 102224 4518 UMA CHI
 -0.966729  0.046162  0.251602  2.14 102647 4534 DENEBOLA
 -0.998700  0.040600  0.030807  3.59 102870 4540 ZAVIJAVA
 -0.829536  0.025673 -0.557863  4.29 103192 4552 HYA BETA
 -0.591873  0.015941  0.805874  2.41 103287 4554 PHECDA;UMA GAMMA
 -0.542930 -0.036595  0.838980  3.32 106591 4660 MEGREZ;UMA DELTA
 -0.951229 -0.065715 -0.301404  2.58 106625 4662 GIENAH
 -0.996163 -0.086743 -0.011637  3.89 107259 4689 ZANIAH
 -0.449406 -0.052393 -0.891790  0.77 108248 4730 ACRUX
 -0.950616 -0.124587 -0.284268  2.94 108767 4757 ALGORAB
 -0.537978 -0.073611 -0.839739  1.59 108903 4763 GACRUX
 -0.742485 -0.110142  0.660746  4.24 109358 4785 CHARA
 -0.688093 -0.137278  0.712519  5.42 110914 4846 Y CVN
 -0.544292 -0.130741  0.828645  1.76 112185 4905 ALIOTH;UMA EPSILON
 -0.761248 -0.189909  0.620029  2.89 112413 4915 COR CAROLI
 -0.945851 -0.263105  0.190108  2.85 113226 4932 VINDEMIATRIX
 -0.878265 -0.272938 -0.392626  4.94 114149 4958 HYA PSI
 -0.865360 -0.310359 -0.393483  2.99 115659 5020 HYA GAMMA
 -0.536543 -0.205755  0.818405  2.23 116656 5054 MIZAR;UMA ZETA
 -0.536579 -0.205812  0.818367  3.95 116657 5055 UMA ZETA
 -0.914080 -0.356354 -0.193571  0.98 116658 5056 SPICA
 -0.851350 -0.430362  0.299986  4.50 120136 5185 BOO TAU
 -0.581457 -0.294806  0.758286  1.85 120315 5191 ALKAID;UMA ETA;BENETNASCH
 -0.854516 -0.442364  0.272243  4.05 120477 5200 BOO UPSILON
 -0.832538 -0.455260  0.315626  2.68 121370 5235 MUPHRID;BOO ETA
 -0.761087 -0.468092 -0.449039  3.25 123123 5287 HYA PI
 -0.685294 -0.422786 -0.592979  2.06 123139 5288 MENKENT
 -0.370316 -0.223368  0.901650  3.67 123299 5291 THUBAN
 -0.516620 -0.340203  0.785726  6.62 124674 5328 BOO KAPPA
 -0.516566 -0.340233  0.785749  4.53 124675 5329 BOO KAPPA
 -0.824461 -0.556183 -0.104520  4.07 124850 5338 SYRMA
 -0.783738 -0.527010  0.328657 -0.05 124897 5340 ARCTURUS;BOO ALPHA
 -0.517337 -0.349499  0.781161  4.75 125161 5350 BOO IOTA
 -0.574328 -0.388799  0.720405  4.18 125162 5351 BOO LAMBDA
 -0.779050 -0.538627 -0.320876  5.86 125248 5355 CS VIRGO
 -0.497820 -0.365687  0.786415  4.04 126660 5404 BOO THETA
 -0.680262 -0.530672  0.505599  3.57 127665 5429 BOO RHO
 -0.618178 -0.483318  0.619887  3.04 127762 5435 SEGINUS;BOO GAMMA
 -0.677892 -0.542503  0.496138  4.47 128167 5447 BOO SIGMA
 -0.373747 -0.312727 -0.873221 -0.01 128620 5459 RIGEL KENTAURUS
 -0.732851 -0.618902  0.282648  4.49 129174 5475 BOO PI
 -0.732838 -0.618922  0.282639  5.88 129175 5476 BOO PI
 -0.741021 -0.628146  0.237319  3.78 129246 5477 BOO ZETA
 -0.741022 -0.628145  0.237319  4.43 129247 5478 BOO ZETA
 -0.676728 -0.585285  0.446633  4.80 129712 5490 W BOOTES
 -0.718459 -0.631413  0.291778  4.60 129972 5502 BOO OMICRON
 -0.669484 -0.587057  0.455143  2.35 129988 5505 BOO EPSILON;PULCHERRIMA
 -0.669486 -0.587055  0.455143  2.70 129989 5506 BOO EPSILON
 -0.706071 -0.651998 -0.276335  2.75 130841 5531 ZUBENELGENUBI
 -0.692808 -0.642603  0.327228  4.54 131156 5544 BOO XI
 -0.200728 -0.185075  0.962006  2.07 131873 5563 KOCHAB;UMI BETA
 -0.291390 -0.285314  0.913065  4.63 132813 5589 RR UMI
 -0.634891 -0.646682  0.422749  4.80 133124 5600 BOO OMEGA
 -0.533970 -0.543118  0.647995  3.49 133208 5602 NEKKAR;BOO BETA
 -0.617979 -0.642443  0.453176  4.52 133582 5616 BOO PSI
 -0.577227 -0.655236  0.487314  5.28 135502 5676 BOO CHI
 -0.549614 -0.629489  0.549243  3.46 135722 5681 BOO DELTA
 -0.644001 -0.747452 -0.163031  2.61 135742 5685 ZUBENESCHAMALI
 -0.498767 -0.618639  0.607057  4.31 137391 5733 ALKALUROPS;BOO MU
 -0.498901 -0.618937  0.606642  6.51 137392 5734 BOO MU
 -0.199642 -0.239467  0.950157  3.00 137422 5735 PHERKAD;UMI GAMMA
 -0.322816 -0.401967  0.856862  3.29 137759 5744 EDASICH
 -0.538427 -0.688108  0.486419  3.66 137909 5747 NUSAKAN
 -0.458162 -0.602128  0.653857  5.04 138481 5763 BOO NU
 -0.455459 -0.603227  0.654732  4.98 138629 5774 BOO NU
 -0.529175 -0.719637  0.449552  2.22 139006 5793 ALPHECCA
 -0.443006 -0.620074  0.647499  5.25 139641 5823 BOO PHI
 -0.132245 -0.174571  0.975723  5.00 139669 5826 UMI THETA
 -0.554721 -0.824476  0.111912  2.63 140573 5854 UNUKALHAI
 -0.118180 -0.175304  0.977396  4.29 142105 5903 UMI ZETA
 -0.450964 -0.825729 -0.338826  2.56 144217 5984 GRAFFIAS
 -0.443921 -0.893747 -0.064427  2.73 146051 6056 YED PRIOR
 -0.427809 -0.900159 -0.081810  3.23 146791 6075 YED POSTERIOR
 -0.106414 -0.221875  0.969251  4.95 148048 6116 UMI ETA
 -0.344816 -0.826412 -0.445135  1.06 148478 6134 ANTARES
 -0.355252 -0.859998  0.366333  2.78 148856 6148 KORNEPHOROS
 -0.109615 -0.340719 -0.933753  1.91 150798 6217 ATRIA
 -0.043974 -0.131365  0.990358  4.21 153751 6322 UMI EPSILON
 -0.188502 -0.981846  0.021127  5.89 156247 6414 U OPH
 -0.101206 -0.789054 -0.605929  2.70 158408 6508 LESATH
 -0.091637 -0.792262 -0.603260  1.62 158926 6527 SHAULA
 -0.078672 -0.606426  0.791238  2.79 159181 6536 RASTABAN
 -0.106544 -0.970234  0.217472  2.08 159561 6556 RASALHAGUE
 -0.071821 -0.994234  0.079623  2.76 161096 6603 CEBALRAI
 -0.035312 -0.797398 -0.602419  3.19 161892 6630 G SCO
 -0.015433 -0.546287  0.837456  3.73 163588 6688 GRUMIUM
 -0.009220 -0.622597  0.782488  2.24 164058 6705 ELTANIN
  0.021853 -0.862028 -0.506390  2.98 165135 6746 ALNASL
 -0.007201 -0.059107  0.998226  4.35 166205 6789 UMI DELTA
  0.079356 -0.863885 -0.497398  2.72 168454 6859 KAUS MEDIA
  0.069968 -0.805322  0.588695  4.33 168775 6872 LYR KAPPA
  0.086882 -0.820682 -0.564741  1.79 169022 6879 KAUS AUSTRALIS
  0.081418 -0.767236  0.636176  5.11 169702 6903 LYR MU
  0.109957 -0.896458 -0.429270  2.82 169916 6913 KAUS BOREALIS
  0.125089 -0.769422  0.626373  0.03 172167 7001 VEGA;LYR ALPHA
  0.147990 -0.755374  0.638365  4.67 173582 7051 LYR EPSILON
  0.147985 -0.755362  0.638380  6.02 173583 7052 LYR EPSILON
  0.148247 -0.755975  0.637593  4.59 173607 7053 LYR EPSILON
  0.148253 -0.755971  0.637596  5.37 173608 7054 LYR EPSILON
  0.153786 -0.777166  0.610215  4.34 173648 7056 LYR ZETA
  0.153912 -0.777255  0.610070  5.73 173649 7057 LYR ZETA
  0.181065 -0.820709  0.541896  5.93 174585 7100 LYR NU
  0.182016 -0.823026  0.538051  5.22 174602 7102 LYR NU
  0.181056 -0.815346  0.549937  3.52 174638 7106 SHELIAK;LYR BETA
  0.214096 -0.870573 -0.443018  2.05 175191 7121 NUNKI
  0.185578 -0.777080  0.601421  5.58 175426 7131 LYR DELTA
  0.188398 -0.777190  0.600401  4.22 175588 7139 LYR DELTA
  0.242197 -0.967454  0.073300  4.62 175638 7141 ALYA
  0.172154 -0.699111  0.693979  4.08 175865 7157 R LYRAE
  0.214075 -0.813927  0.540087  3.25 176437 7178 SULAFAT;LYR GAMMA
  0.219191 -0.817836  0.532071  4.94 176670 7192 LYR LAMBDA
  0.233879 -0.773399  0.589199  5.25 178475 7262 LYR IOTA
  0.245306 -0.735722  0.631298  4.43 180163 7298 LYR ETA
  0.118323 -0.361194  0.924953  3.07 180711 7310 ALTAIS
  0.257278 -0.743306  0.617499  4.35 180809 7314 LYR THETA
  0.196967 -0.563223  0.802486  3.80 181276 7328 CYG KAPPA
  0.251822 -0.667854 -0.700398  3.96 181454 7337 ARKAB
  0.271682 -0.708810 -0.650981  3.96 181869 7348 RUKBAT
 -0.003136 -0.016499  0.999859  6.31 183030 7394 UMI LAMBDA
  0.227573 -0.567300  0.791442  5.73 183534 7408 CYG IOTA
  0.340583 -0.814974  0.468850  3.05 183912 7417 ALBIREO;CYG BETA
  0.340690 -0.814880  0.468936  5.12 183914 7418 CYG BETA
  0.236290 -0.572532  0.785095  3.76 184006 7420 CYG IOTA
  0.261372 -0.584015  0.768512  4.49 185395 7469 CYG THETA
  0.363299 -0.784662  0.502314  4.68 185734 7478 CYG PHI
  0.439560 -0.879127  0.184179  2.72 186791 7525 TARAZED
  0.311959 -0.632772  0.708718  2.86 186882 7528 CYG DELTA
  0.459202 -0.874855  0.154148  0.76 187642 7557 ALTAIR
  0.389463 -0.743676  0.543383 10.50 187796 7564 CYG CHI
  0.479173 -0.870596  0.111607  3.71 188512 7602 ALSHAIN
  0.397684 -0.715183  0.574770  3.89 188947 7615 CYG ETA
  0.294682 -0.533649  0.792705  4.91 189037 7619 CYG PSI
  0.377320 -0.572063  0.728267  3.80 192577 7735 V695 CYG
  0.553072 -0.804322 -0.217204  3.58 192947 7754 ALGEDI
  0.558083 -0.789589 -0.255132  3.05 193495 7776 DABIH
  0.325590 -0.441428 -0.836142  1.94 193924 7790 PEACOCK
  0.443786 -0.620856  0.646213  2.23 194093 7796 SADR;CYG GAMMA
  0.399905 -0.520890  0.754155  4.94 195556 7844 CYG OMEGA
  0.400577 -0.515893  0.757227  5.44 195774 7851 CYG OMEGA
  0.159375 -0.204898  0.965721  5.18 196502 7879 AF DRA
  0.455649 -0.536182  0.710558  1.25 197345 7924 DENEB;CYG ALPHA
  0.550096 -0.620639  0.558751  2.48 197989 7949 CYG EPSILON
  0.658924 -0.733896 -0.164973  3.78 198001 7950 ALBALI
  0.536407 -0.598839  0.594693  4.53 198183 7963 CYG LAMBDA
  0.525699 -0.538829  0.658259  3.94 199629 8028 CYG NU
  0.477161 -0.477887  0.737524  4.74 200120 8047 V832 CYG
  0.520107 -0.498194  0.693752  3.72 200905 8079 CYG XI
  0.644461 -0.575525  0.503428  3.21 202109 8115 CYG ZETA
  0.591622 -0.519802  0.616271  3.74 202444 8130 CYG TAU
  0.751042 -0.653888  0.091468  3.92 202447 8131 KITALPHA
  0.586355 -0.503385  0.634659  4.22 202850 8143 CYG SIGMA
  0.623481 -0.532890  0.572101  4.41 202904 8146 CYG UPSILON
  0.350861 -0.298141  0.887698  2.45 203280 8162 ALDERAMIN
  0.793708 -0.600502 -0.097082  2.90 204867 8232 SADALSUUD
  0.262845 -0.204141  0.942995  3.23 205021 8238 ALFIRK
  0.562475 -0.416281  0.714376  3.98 205435 8252 CYG RHO
  0.784971 -0.549188 -0.286729  3.69 206088 8278 NASHIRA
  0.516663 -0.354779  0.779225  4.69 206672 8301 CYG PI
  0.817201 -0.550246  0.171499  2.38 206778 8308 ENIF
  0.727186 -0.489847  0.480885  4.49 206826 8309 CYG MU
  0.727184 -0.489853  0.480883  6.08 206827 8310 CYG MU
  0.803466 -0.526584 -0.277760  2.85 207098 8322 DENEB ALGEDI
  0.544913 -0.357963  0.758243  4.23 207330 8335 CYG PI
  0.878353 -0.477980 -0.005582  2.95 209750 8414 SADALMELIK
  0.602936 -0.319806 -0.730885  1.73 209952 8425 AL NA'IR
  0.882221 -0.458292  0.107961  3.52 210418 8450 BIHAM
  0.892086 -0.431094 -0.135426  4.17 211391 8499 ANCHA
  0.909069 -0.415941 -0.024212  3.86 212061 8518 SADACHBIA
  0.925074 -0.330036  0.187919  3.41 214923 8634 HOMAM
  0.815778 -0.284874  0.503341  2.93 215182 8650 MATAR
  0.867144 -0.273403  0.416308  3.51 216131 8684 SADALBARI
  0.923271 -0.270637 -0.272629  3.27 216627 8709 SKAT
  0.837332 -0.233601 -0.494273  1.17 216956 8728 FOMALHAUT
  0.855851 -0.214292  0.470742  2.44 217906 8775 SCHEAT
  0.937097 -0.230345  0.262279  2.49 218045 8781 MARKAB
  0.213321 -0.019273  0.976792  3.21 222404 8974 ERRAI
  0.519407 -0.029366  0.854022  4.88 223165 9008 CAS TAU
  0.537147 -0.013165  0.843386  4.51 224014 9045 CAS RHO
  0.118544 -0.001832  0.992947  6.57 224309 9056 V CEP
  0.562728 -0.002434  0.826638  4.88 224572 9071 CAS SIGMA
